1000110110101100101000111010001111111000001100110000000000000110000000000100100110111000011010011011101010110011
1000110110101100101000111010001110011001000011010000110000010000001110000011100010000011101100111011010011001001
1000110110101100101000111010001101011000010100010010001011001000010000100001010110001101010110100111000111001001
1000110110101100101000111010001111111000001100110000000000000110000000000100100110111000011010011011101010110011
1000110110101100101000111010001101011000010011110011001011001001100000100001010001100011111011110010100011111111
1000110110101100101000111010001110011001000011001101001100011001001110001000010010000011001110110100100101000111
1000110110101100101000111010001111101010000100111010000000000100000000010011110000001000011000010011001010110011
1000110110101100101000111010001101011000010010011101001011001101101010100001001000011111101010100111010111111110
1000110110101100101000111010001101011000010010010110001011001110011001000001000111000010001101100111110011111000
1000110110101100101000111010001111101010000100111010000000000100000000010011110000001000011000010011001010110011
1000110110101010000011101010000101011000111100010000011000011011001100000010111010110110011001111010001001011110
1000110110101100101000111010001111101010000100111010000000000100000000010011110000001000011000010011001010110011
1000110110101100101000111010001110011001000011001100111100011001000110001000100010000010111011010100101011001111
1000110110101100101000111010001111101010000100111010000000000100000000010011110000001000011000010011001010110011
