1587418954 1000110110100011011010001001100001011000010101010110011001001111001001101011110000100000110101101100111100101110
1587418955 1000110110100011011010001001100001011000010101010110001011000001010101100001110101011100010110100000001110011110
1587418956 1000110110100011011010001001100011111000001100110000000000000110000000000100100110111000011010100000000010011001
1587418957 1000110110100011011010001001100001011000010101010101011001001111010000101011101111000111101011110101101111000101
1587418959 1000110110100011011010001001100001011000010101010101011001001111011011001011101101101000010100010001101101011010
1587418960 1000110110100011011010001001100010011001000011010101111000001001011110000001000000001100010011000101100000100101
1587418960 1000110110100011011010001001100010011001000011010101111000001001011110000000110000001100111001001101101000100101
1587418961 1000110110100011011010001001100001011000010101010101011001001111100001101011101100110110000000101010011011111111
1587418963 1000110110100011011010001001100001011000010101010101001011000001111001100001110000111100011101011000010101111010
1587418964 1000110110100011011010001001100011100001000000100010011100000000000000000000000000000000000001011101011101101101
1587418965 1000110110101010001000110001000101011000010100010011001011001101011010100001001001010000110001011011101010111101
1587418965 1000110110100110101010011011010110011001000011000000101010001001010000000001110000001010010001011001100110101101
1587418965 1000110110100011011010001001100010011001000011010101001100001110001110000000100000001100100100101001000101001000
1587418966 1000110110100011011010001001100011111000001100110000000000000110000000000100100110111000011010100000000010011001
1587418966 1000110110100011011010001001100001011000010101010101001011000010001100100001101111011001010100111100001111001011
1587418968 1000110110100011011010001001100010011001000011010100101100010000111100000000010000001100000110111011011101111111
1587418971 1000110110100011011010001001100001011000010101010100011001010000100011001011100111110011011011000111011100001001
1587418973 1000110110100011011010001001100010011001000011010100001000010010101100000000100000001100100101011011001100110101
1587418974 1000110110100011011010001001100010011001000011010100000000010010101100000000010000001100110110111111110010101001
1587418974 1000110110100011011010001001100001011000010101010100011001010000110111101011100110011100110111011000000101010001
1587418976 1000110110100011011010001001100001011000010101010100011001010001000101001011100101100101000110011010101011011010
1587418985 1000110110100011011010001001100010011001000011010011010000010010100110000000010000001100011011110100111100010000
1587418986 1000110110100011011010001001100010011001000011010011001100010010100110000000010000001100011001100111101101111010
1587418986 1000110110100011011010001001100001011000010101010100011001010010010010101011100000100111011111011101100000011000
1587418987 1000110110100011011010001001100001011000010101010100001011000100100111000001100101010001011011010010111001100111
1587418988 1000110110100011011010001001100011111000001100110000000000000110000000000100100110111000011010100000000010011001
1587418989 1000110110100011011010001001100011100001000000100010011100000000000000000000000000000000000001011101011101101101
1587418991 1000110110101010001000110001000110011001000011001110010000011011101010000111010000001011100011100000100010000100
1587418992 1000110110101010001000110001000110011001000011001110010000011011101010000111010000001011100011100000100010000100
1587418992 1000110110101010001000110001000101011000010011010011001011010010001111000000111111011101111111001011111011101111
1587418994 1000110110100011011010001001100010011001100011010010110100010010000110000000010000001100001111110111110010011100
1587418996 1000110110100011011010001001100011101010000100111010100010000100000000010011110000001000011110110101101110001110
1587418997 1000110110100011011010001001100001011000010101010100011001010011011100001011011011111011111010110111101111011010
1587418997 1000110110101010001000110001000110011001000011001110010000011011101010000111010000001011100011100000100010000100
1587418998 1000110110101010001000110001000101011000010010111101011001100000101010101010111001011101101010110001001000001010
1587419001 1000110110100110101010011011010110011001000011000010000010001000111000000001000000001010111101100101110001010110
1587419002 1000110110100011011010001001100010011001100011010010100000010001110110000000010000001100001011001010011001100000
1587419002 1000110110100011011010001001100010011001100011010010100000010001110110000000010000001100001011001010011001100000
1587419004 1000110110100011011010001001100010011001100011010010011100010001101110000000100000001100101110100001101000000001
1587419005 1000110110100011011010001001100001011000010101010100001011000110101000000001011100111111101011010100100001100101
1587419006 1000110110101010001000110001000101011000010010110011001011010100100110000000111010101011101011101101101101010111
1587419009 1000110110101010001000110001000110011001000011001110001100011011100010000111100000001010011101011110111011001110
1587419015 1000110110100011011010001001100000100011000100000001001100110001110111111000110001100000001011010011110110111001
1587419017 1000110110100011011010001001100001011000010100111111011001010101100110101011010011000110101101001101011000001001
1587419019 1000110110100011011010001001100001011000010100111101001011001000000110100001010110111100011000100110110101001100
1587419019 1000110110100110101010011011010110011001000011000001001110001001111010000001000000001000111001111111010101100100
1587419019 1000110110100011011010001001100011101010000100111010100010000100000000010011110000001000011110110101101110001110
1587419023 1000110110100011011010001001100001011000010100111000001011001000100111100001010100110110010010100100110100110010
1587419033 1000110110101010001000110001000101011000010001110010011001100110100111101010101101011111010111100001011000000001
1587419041 1000110110100011011010001001100001011000010100010100011001011000110000001011001001010110101011110110001101010011
1587419054 1000110110100011011010001001100010011001000011001110010000011011110110000110010000001100010100010011001011100000
1587419056 1000110110100011011010001001100011111000001100110000000000000110000000000100100110111000011010100000000010011001
1587419060 1000110110100011011010001001100010011001000011001110010000011011110110000110100000001100000110010110100011100000
1587419061 1000110110100011011010001001100011101010000100111010100010000100000000010011110000001000011110110101101110001110
1587419098 1000110110100011011010001001100010011001000011001110000100011011010110000111100000001100000111001001010110111011
1587419100 1000110110100011011010001001100011100001000000100010011100000000000000000000000000000000000001011101011101101101
1587419101 1000110110100011011010001001100010011001000011001110000100011011010110000111110000001011110110110111001110011111
1587419136 1000110110100110101010011011010110011001000010000100110110000000010010000000110000001001010111110001111111000101
1587419181 1000110110100110101010011011010111111000000100000010000000000110000000000100100110110000111100100111001101101010
