0 1000110110101001001111011001111100100100000100000001001100111000110011110010100000100000110010101111101100001010
1 1000110110101001001111011001111101011000010100110101011001001111101110001011101011010010101101011000010001101011
2 1000110110101001001111011001111111101010000110110111100010011110111000010011110000001000100100000110001001101011
3 1000110110101001001111011001111110011001000011010001100100001011100110000110110010000111101111111000110111101000
4 1000110110101001001111011001111110011001000011010001011000001100010110000110110010001000111000100100000111111100
5 1000110110101001001111011001111110011001000011010001010000001100111110000110110010001000010010110010110011100100
6 1000110110101001001111011001111110011001000011010001001000001101100110000110110010001000101001010110101101101000
7 1000110110101001001111011001111111111000001100110000000000000110000000000100100110111000001100101111100001101011
8 1000110110101001001111011001111110011001000011010001000100001101110110000111000010000111011111011010111000100000
9 1000110110101001001111011001111111101010000110110111100010011111001101010011110000001000001100010111011011010011
10 1000110110101001001111011001111101011000010100011011011001010000011011101011100111100110001101110010111010111011
11 1000110110101001001111011001111100100100000100000001001100111000110011110010100000100000110010101111101100001010
12 1000110110101001001111011001111111101010000110110111100010011111010011010011110000001000010011010001010010110000
13 1000110110101001001111011001111111111000001100110000000000000110000000000100100110111000001100101111100001101011
14 1000110110101001001111011001111111101010000110110111100010011111010011010011110000001000010011010001010010110000
15 1000110110101101110110100001011110011001000011001001100100001111000010000000100010001011010001011111011101001110
16 1000110110101001001111011001111111100001000000110011010000000000000000000000000000000000100111011011101000111111
17 1000110110101001001111011001111101011000010011110010001011000100110111100001100011010001111000001111111010110100
18 1000110110101001001111011001111111101010000100111010100010011111010011010011110000001000100100110111100001101101
19 1000110110101001001111011001111101011000010010110001011001010101101010001011010010010100010011101001100101110110
20 1000110110101001001111011001111110011001000011010000001000010000000110000110100010000101001000111001011011010011
21 1000110110101001001111011001111110011001000011010000000000010000010110000110110010000101100101110100110100011101
22 1000110110101001001111011001111101011000010001010000001011001101110110100001000111111001000000011001110101110111
