1587420848 1000110110100010001100011010011011101010000111110101100010000000000000010101111110001000010110010101000111101011
1587420849 1000110110100010001100011010011001011000010110010100011001001101110010101011111111011000101110000010101101101101
1587420849 1000110110100010001100011010011010011001100101010100010000000100101110000101000000001110011111100100100111000111
1587420850 1000110110100010001100011010011001011000010110010011011001001101110011001011111111001011111110001001110010000001
1587420851 1000110110100010001100011010011011101010000111110101100010000000000000010101111110001000010110010101000111101011
1587420851 1000110110100010001100011010011011100001000001100011000000000000000000000000000000000000010110010101100110001000
1587420852 1000110110100010001100011010011001011000010110010001011001001101110111101011111101111111010110010011011001001101
1587420853 1000110110100010001100011010011010011001100101010100001100000100101110000110010000001110100100011101011110100100
1587420853 1000110110100010001100011010011011101010000111110101100010000000000000010101111110001000010110010101000111101011
1587420858 1000110110100010001100011010011010011001100101010100001100000100110110000110100000001110000101100000100111011111
1587420858 1000110110100010001100011010011010011001100101010100001100000100110110000110100000001110000101100000100111011111
1587420863 1000110110100010001100011010011011101010000111110101100010000000000000010101111110001000010110010101000111101011
1587420865 1000110110100010001100011010011010011001000101010100001000000100110110000101110000001110011000100110111001100111
1587420865 1000110110100010001100011010011001011000010101110100001011000000011000000001111101010101000111000010011111001111
1587420866 1000110110100010001100011010011011101010000111110101100010000000000000010101111110001000010110010101000111101011
1587420866 1000110110100010001100011010011000100011010011001011010111110100110001110011110011100000111111000011111011100110
1587420867 1000110110100010001100011010011001011000010101110010001011000000011011000001111100100010000110110100110010101111
1587420868 1000110110100010001100011010011001011000010101110001011001001110010100001011110110011100000000111111000101011010
1587420873 1000110110100010001100011010011010011001000101010011111100000110100110000100010000001110101010111110100110110101
1587420874 1000110110100010001100011010011001011000010101011101001011000000101011100001111001001100100100000110111001000111
1587420874 1000110110100010001100011010011001011000010101011101001011000000101100100001111000111111111010011001001101000001
1587420875 1000110110100010001100011010011001011000010101011100001011000000101110000001111000110001101011000110000101101010
1587420875 1000110110100010001100011010011010011001000101010011111000000111010110000100010000001110111000111110001011010111
1587420875 1000110110100010001100011010011001011000010101011100011001001110100110001011110010111111011000001011111111001011
1587420876 1000110110100010001100011010011001011000010101011011001011000000110010100001111000000001001101110110111001001011
1587420876 1000110110100010001100011010011010011001000101010011110100000111111110000100100000001110000000011101111100000001
1587420877 1000110110100010001100011010011010011001000101010011110100001000000110000100110000001110011011111000010111111111
1587420883 1000110110100010001100011010011011111000001000110000000000000010000000000100101010111000001101000100010000001000
1587420889 1000110110100010001100011010011001011000010101010100011001001111100001001011101100001101100110010111110110111110
1587420889 1000110110100010001100011010011010011001000101010011010000001101000110000001010000001110000111001110110101001100
1587420890 1000110110100010001100011010011010011001000101010011001100001101001110000001000000001110011010001001001100001111
1587420890 1000110110100010001100011010011001011000010101010100001011000001101110100001110001010010000001110001011001110000
1587420890 1000110110100010001100011010011001011000010101010100001011000001110000100001110001000110011110111010110011111101
1587420891 1000110110100010001100011010011010011001000101010011001000001101101110000000110000001110001010010001111101101100
1587420892 1000110110100010001100011010011011101010000111110101100010000000000000010101111110001000010110010101000111101011
1587420893 1000110110100010001100011010011001011000010101010100011001001111110010001011101010101111010000101010000000001011
1587420894 1000110110100010001100011010011010011001000101010010111100001110101100000000010000001110011011000000110111110111
1587420898 1000110110100010001100011010011010011001000101010010101100010000000100000000110000001110010110001110101000011011
1587420901 1000110110100010001100011010011011100001000001100011000000000000000000000000000000000000010110010101100110001000
1587420906 1000110110100010001100011010011000100011010011001011010111110100110001110011110011100000111111000011111011100110
1587420908 1000110110100010001100011010011011101010000111110101100010000000000000010101111110001000010110010101000111101011
1587420908 1000110110100010001100011010011001011000010101010100011001010001011000101011100011110001011000000010011010101100
1587420908 1000110110100010001100011010011010011001000101010010010100010001110110000000100000001110010101110001011101101011
1587420910 1000110110100010001100011010011001011000010101010100001011000011110100100001100111111101001111101001011000011101
1587420915 1000110110100010001100011010011001011000010101010100001011000100010110100001100101110010100100010110010010001001
1587420916 1000110110100010001100011010011000100011010011001011010111110100110001110011110011100000111111000011111011100110
1587420922 1000110110100010001100011010011010011001000101010010010100010001110100000000010000001110011100011110111101100011
1587420931 1000110110100010001100011010011001011000010101010100011001010011111000001011011001101101100101011001111101100111
1587420948 1000110110100010001100011010011010011001000101010010001000010010101110000000100000001110111011011010000010001111
1587421009 1000110110100010001100011010011001011000010101010100011001011111100010101010111011011100010010011001110111101010
1587421011 1000110110100010001100011010011011101010000101110010100010000000000000010101111110001000100111001111011111111111
1587421011 1000110110100010001100011010011010011001100101001110011100011100001100000000010000001110101010101010110101000011
1587421022 1000110110100010001100011010011000100011010011001011010111110100110001110011110011100000111111000011111011100110
