0 1000110110101001100111110001011001011000010100111011001011000010110010000001101100101010101111001111100010000110
1 1000110110101001100111110001011011111000001000010000000000000110000000000100101010111000101111110110011110111001
2 1000110110101001100111110001011011101010000101111000100001110000000000010101110000001000011000100101000100000010
3 1000110110101100000001011000101001011000110010010000001011010010001000000001110110010110010011101110011011100000
4 1000110110101001100111110001011010011001000011010000100000001111110010000100100000000110101011010001001000011111
5 1000110110101100000001011000101010011001000010011110010000001110000110000000010000001000100110010010101001101101
6 1000110110101001100111110001011001011000010100110000001011000100010111100001100110001011100100010000000000000111
7 1000110110101100000001011000101011111000001000010000000000000010000000000100100110111000011100100000101110110011
8 1000110110101001100111110001011010011001000011010000011100001111110010000100000000000110110011000001110000000101
9 1000110110101100000001011000101010011001000010011110010100001110001110000000100000000111011010001010011011000010
10 1000110110101001100111110001011011101010000101111000100001110000000000010101110000001000011000100101000100000010
11 1000110110101001100111110001011010011001000011010000010100001111110010000100010000000110111100100011111110011001
12 1000110110101001100111110001011010011001000011010000010100001111110010000100010000000110111100100011111110011001
13 1000110110101001100111110001011001011000010011111101011001010100110111101011010110000011000111101100000001110000
14 1000110110101001100111110001011010011001000011010000010000001111101010000100010000000110001111101011000100101100
15 1000110110101001100111110001011001011000010011111000001011000111110101100001011000000000011000011011000111100110
16 1000110110101001100111110001011011101010000100111010100001110000000000010101110000001000001010000111100010011000
17 1000110110101100110100011000011101011000010101010101011001000010110011101011101110111101111101001111010011101101
18 1000110110101100110100011000011101011000010101010011001010110100111101000001110100101010100101000101010101111001
19 1000110110101100110100011000011110011001000010001011010000100000100110000111010000001000110011110111001111010110
20 1000110110101100110100011000011101011000010101010001001010110101010111000001110101001101111000101011100110010010
21 1000110110101100110100011000011110011001000010001011001100100000011110000110110000001000011100110111001101101010
22 1000110110101100110100011000011101011000010100010111001010111010000000000001111011011010111111011010000001010010
