# plane that flies from SLC loops over Provo and leaves
1587410792 1000110110101101110011001111101001011001001011111001001011011001001001100001011010100110000110100001000110110101
1587410792 1000110110101101110011001111101010011001000101000000011110010011000100000100110000001000011101010100111000010001
1587410799 1000110110101101110011001111101001011001001100010000011001100101101110101011010101100001111010001000100110011001
1587410799 1000110110101101110011001111101010011001000101000001111010010010000100000110000000001000000000110101110100010101
1587410802 1000110110101101110011001111101001011001001100010011001011010111111101000001011010001111110001000111011000010100
1587410803 1000110110101101110011001111101001011001001100010100001011010111110101000001011010001011000100100111010010101011
1587410804 1000110110101101110011001111101001011001001100010101011001100101001101001011010101010010010011000000000010100000
1587410805 1000110110101101110011001111101011101010000110001011100010010000000000010101110000000000010011011110011111111101
1587410809 1000110110101101110011001111101011111000000100110010000000000110000000000101101010111100101111110011011100111110
1587410811 1000110110101101110011001111101001011001001100011010011001100100011101001011010101000000000001000010110011001011
1587410812 1000110110101101110011001111101011101010000110001000100010010000000000010101110000000000000111000001001011011101
1587410814 1000110110101101110011001111101011101010000110001000100010010000000000010101110000000000000111000001001011011101
1587410818 1000110110101101110011001111101010011001100101000011000010010000110100000011100000001001110001010110010100111100
1587410823 1000110110101101110011001111101001011001001100110001001011010101101011100001011000111010001111000011000000000000
1587410829 1000110110101101110011001111101010011001000101000111110110001001111100000011010000001001101110000110101010000101
1587410831 1000110110101101110011001111101010011001000101001000011110000111101100000100000000001001000001110011011111110010
1587410834 1000110110101101110011001111101001011001001100110111001011010101000001100001010111000000010010011101111011110011
1587410834 1000110110101101110011001111101001011001001100110111011001100010100010001011010010001001001101010010110011101010
1587410836 1000110110101101110011001111101010011001000101001001001110000010110100000100010000001001010010000000101001001110
1587410836 1000110110101101110011001111101011111000000100110010000000000110000000000101101010111100101111110011011100111110
1587410838 1000110110101101110011001111101010011001000101001001010010000000110100000101000000001001110011100010101010000010
1587410844 1000110110101101110011001111101011101010000110001000100010010000000000010101110000000000000111000001001011011101
1587410844 1000110110101101110011001111101001011001001100111110001011010101000111100001010100101101010010101111111101000001
1587410844 1000110110101101110011001111101010011001000101001000100000000111000100000100010000001001100000001001111000001011
1587410847 1000110110101101110011001111101010011001000101000111111100001001010100000011110000001001011000001110111011111010
1587410850 1000110110101101110011001111101001011001001101010010011001100011000001101011001110110001010100010010100000001001
1587410853 1000110110101101110011001111101001011001001101010011011001100011001111101011001110011000011010010101101100001101
1587410854 1000110110101101110011001111101001011001001101010011011001100011010010101011001110010100010011001000001000111000
1587410856 1000110110101101110011001111101010011001000101000100110100001111110100000011100000001001000111010011001100000001
1587410856 1000110110101101110011001111101011100001000101010010100100000000000000000000000000000000100100110111111010111100
1587410856 1000110110101101110011001111101010011001000101000100100000010000001100000011010000001001101100111110110100100010
1587410857 1000110110101101110011001111101011101010000110001000100010010000000000010101110000000000000111000001001011011101
1587410861 1000110110101101110011001111101011100001000101010010100100000000000000000000000000000000100100110111111010111100
1587410864 1000110110101101110011001111101001011001001101011010011001100100010101001011001101011101101100010101000100110011
1587410885 1000110110101101110011001111101010011001000100000110010100001110110100000000110000001001100000100001101110110001
