1587422740 1000110110100010101010000100110001011000101011111000001001010111111111011010011000100101100001101010110110111100
1587422741 1000110110100010101010000100110001011000101011111000010111100111100010000100001111000100111011101010000101001101
1587422747 1000110110100010101010000100110001011000101011111000010111100111001111000100001011011101010110101010010111100000
1587422761 1000110110100010101010000100110010011001000011011011011110001001010100000000010000010010001111001010111110100011
1587422780 1000110110100010101010000100110010011001000011011011011110001001011100000000010000010010011110011101001110001010
1587422784 1000110110100010101010000100110011101010010000101000100001100110110000110101110000001000101001011001011001101110
1587422786 1000110110100010101010000100110010011001000011011011011110001001011110000000010000010010000101110111000110000010
1587422788 1000110110100010101010000100110011111000001000110000000000000010000000000100101010111000001110101111000110010011
1587422791 1000110110100010101010000100110001011000101011111001001001010101000101011001110110001010111011110101100010010101
1587422794 1000110110100010101010000100110011101010010000101000100001100110110000110101110000001000101001011001011001101110
1587422813 1000110110100010101010000100110011111000001000110000000000000010000000000100101010111000001110101111000110010011
1587422820 1000110110100010101010000100110010011001000011011011100010001001011110000000100000010001101100011010000110001010
1587422821 1000110110100010101010000100110011101010010000101000100001100110110000110101110000001000101001011001011001101110
1587422948 1000110110101001100010001100110010011001000011010111011110000001001010000000100000001100011010111010100001011111
1587422952 1000110110101001100010001100110010011001000011010111100100000000010010000000110000001100101001000000101011000100
1587422953 1000110110101001100010001100110010011001000011010111100100000000110010000000110000001100010011100000111001101001
1587422954 1000110110101001100010001100110001011000010101010101011001001111000000101011110110101011001110001110001010101101
1587422956 1000110110101001100010001100110001011000010101010101011001001111000010101011110101100010101011010100000101100000
1587422956 1000110110101001100010001100110010011001000011010111101000000010101010000000100000001100111010110101100111100110
1587422957 1000110110101001100010001100110010011001000011010111101100000011010010000000010000001100101011100111010010101101
1587422960 1000110110101001100010001100110010011001000011010111101100000100100000000000100000001100001110111000001011100011
1587422963 1000110110101001100010001100110001011000010101010101011001001111010000101011110001100010010001110001011010111010
1587422963 1000110110101001100010001100110010011001000011010111101000000111000000000000010000001100111001101101000101110101
1587422965 1000110110101001100010001100110001011000010101010101011001001111011001101011101111111101111001110101110101000111
1587422972 1000110110101001100010001100110011100001000011110011000000000000000000000000000000000000100011111001111110101011
1587422973 1000110110101001100010001100110001011000010101010100011001001111111001001011101011111001001010000110100000111110
1587422974 1000110110101001100010001100110001011000010101010100001011000010001000100001110000101111101010101110110111101110
1587422975 1000110110101001100010001100110010011001100011010111001000001110010010000000110000001100011100001001010111100010
1587422976 1000110110101001100010001100110001011000010101010100011001010000001001101011101010001110011000100110101101101100
1587422981 1000110110101001100010001100110001011000010101010100011001010000101110101011100111001001111000101001110100011001
1587422985 1000110110101001100010001100110001011000010101010100001011000011010111000001101010010111111100111111000110011100
1587422990 1000110110101001100010001100110010011001100011010110000100010100111000000000100000001100111101001110011111000000
1587422992 1000110110101001100010001100110011100001000011110011000000000000000000000000000000000000100011111001111110101011
1587422993 1000110110101001100010001100110001011000010101010101001011000100011011100001100101111001100001000011100110101111
1587423009 1000110110101001100010001100110001011000010100111101011001010100010101101011011000001000111001001101000100111000
1587423029 1000110110101001100010001100110011101010000100111010100010000000000000010101110000001000101011010000010001101001
